timestamp,name,value
2024-07-11 22:12:51.524451,loss,2.305140256881714
2024-07-11 22:12:51.528884,loss,2.302976369857788
2024-07-11 22:12:51.533972,loss,2.3033039569854736
2024-07-11 22:12:51.538666,loss,2.3003947734832764
2024-07-11 22:12:51.542762,loss,2.295203924179077
2024-07-11 22:12:51.548925,loss,2.3129749298095703
2024-07-11 22:12:51.553059,loss,2.2953269481658936
2024-07-11 22:12:51.557044,loss,2.2996902465820312
2024-07-11 22:12:51.561112,loss,2.2930712699890137
2024-07-11 22:12:51.564882,loss,2.3013076782226562
2024-07-11 22:12:51.568869,loss,2.2944834232330322
2024-07-11 22:12:51.573409,loss,2.2917416095733643
2024-07-11 22:12:51.577159,loss,2.2983603477478027
2024-07-11 22:12:51.580747,loss,2.302030324935913
2024-07-11 22:12:51.584421,loss,2.2882943153381348
2024-07-11 22:12:51.587986,loss,2.315641403198242
2024-07-11 22:12:51.591661,loss,2.2976887226104736
2024-07-11 22:12:51.595316,loss,2.288454532623291
2024-07-11 22:12:51.598872,loss,2.2917885780334473
2024-07-11 22:12:51.602416,loss,2.2847445011138916
2024-07-11 22:12:51.606113,loss,2.2973899841308594
2024-07-11 22:12:51.609673,loss,2.2858493328094482
2024-07-11 22:12:51.613216,loss,2.2865817546844482
2024-07-11 22:12:51.616750,loss,2.2995502948760986
2024-07-11 22:12:51.620496,loss,2.297053575515747
2024-07-11 22:12:51.624095,loss,2.3004138469696045
2024-07-11 22:12:51.627639,loss,2.29734206199646
2024-07-11 22:12:51.631200,loss,2.301884651184082
2024-07-11 22:12:51.634916,loss,2.2833378314971924
2024-07-11 22:12:51.638510,loss,2.286635637283325
2024-07-11 22:12:51.642184,loss,2.305210590362549
2024-07-11 22:12:51.645845,loss,2.298875093460083
2024-07-11 22:12:51.649494,loss,2.2907397747039795
2024-07-11 22:12:51.653226,loss,2.3003149032592773
2024-07-11 22:12:51.656817,loss,2.311584949493408
2024-07-11 22:12:51.660401,loss,2.283895969390869
2024-07-11 22:12:51.663945,loss,2.299347162246704
2024-07-11 22:12:51.667647,loss,2.2834930419921875
2024-07-11 22:12:51.671233,loss,2.286386251449585
2024-07-11 22:12:51.675008,loss,2.2982771396636963
2024-07-11 22:12:51.678682,loss,2.291285753250122
2024-07-11 22:12:51.682609,loss,2.294698715209961
2024-07-11 22:12:51.686584,loss,2.2932584285736084
2024-07-11 22:12:51.690341,loss,2.2950100898742676
2024-07-11 22:12:51.694096,loss,2.2926390171051025
2024-07-11 22:12:51.697776,loss,2.281740427017212
2024-07-11 22:12:51.701837,loss,2.291412591934204
2024-07-11 22:12:51.705407,loss,2.291353940963745
2024-07-11 22:12:51.709033,loss,2.2897934913635254
2024-07-11 22:12:51.712624,loss,2.2925400733947754
2024-07-11 22:12:51.716284,loss,2.296567678451538
2024-07-11 22:12:51.719910,loss,2.2990710735321045
2024-07-11 22:12:51.723496,loss,2.276193380355835
2024-07-11 22:12:51.727079,loss,2.294506311416626
2024-07-11 22:12:51.730784,loss,2.2874979972839355
2024-07-11 22:12:51.734399,loss,2.28134822845459
2024-07-11 22:12:51.737968,loss,2.300259590148926
2024-07-11 22:12:51.741527,loss,2.2926506996154785
2024-07-11 22:12:51.745089,loss,2.2852859497070312
2024-07-11 22:12:51.748825,loss,2.2803268432617188
2024-07-11 22:12:51.752396,loss,2.290972948074341
2024-07-11 22:12:51.755972,loss,2.290647029876709
2024-07-11 22:12:51.759523,loss,2.2886502742767334
2024-07-11 22:12:51.763513,loss,2.284076690673828
2024-07-11 22:12:51.767436,loss,2.296613931655884
2024-07-11 22:12:51.771186,loss,2.286486864089966
2024-07-11 22:12:51.774885,loss,2.291287660598755
2024-07-11 22:12:51.778718,loss,2.2904865741729736
2024-07-11 22:12:51.782318,loss,2.2878658771514893
2024-07-11 22:12:51.785869,loss,2.2838246822357178
2024-07-11 22:12:51.789424,loss,2.292790174484253
2024-07-11 22:12:51.793335,loss,2.279468297958374
2024-07-11 22:12:51.797062,loss,2.2973508834838867
2024-07-11 22:12:51.800760,loss,2.281717538833618
2024-07-11 22:12:51.804784,loss,2.278745651245117
2024-07-11 22:12:51.808915,loss,2.2971324920654297
2024-07-11 22:12:51.812529,loss,2.285475730895996
2024-07-11 22:12:51.816081,loss,2.2887485027313232
2024-07-11 22:12:51.819620,loss,2.2802894115448
2024-07-11 22:12:51.823194,loss,2.277627468109131
2024-07-11 22:12:51.826875,loss,2.2798306941986084
2024-07-11 22:12:51.830462,loss,2.2897212505340576
2024-07-11 22:12:51.834023,loss,2.2778711318969727
2024-07-11 22:12:51.837576,loss,2.2783002853393555
2024-07-11 22:12:51.841234,loss,2.2985663414001465
2024-07-11 22:12:51.844858,loss,2.2800095081329346
2024-07-11 22:12:51.848399,loss,2.2904446125030518
2024-07-11 22:12:51.851936,loss,2.2856075763702393
2024-07-11 22:12:51.855685,loss,2.279292106628418
2024-07-11 22:12:51.859847,loss,2.2810609340667725
2024-07-11 22:12:51.863657,loss,2.2830278873443604
2024-07-11 22:12:51.867922,loss,2.2839508056640625
2024-07-11 22:12:51.872259,loss,2.2909390926361084
2024-07-11 22:12:51.875990,loss,2.292940616607666
2024-07-11 22:12:51.879649,loss,2.2777352333068848
2024-07-11 22:12:51.883238,loss,2.281372547149658
2024-07-11 22:12:51.886966,loss,2.2931432723999023
2024-07-11 22:12:51.890578,loss,2.2744998931884766
2024-07-11 22:12:51.894153,loss,2.28385591506958
2024-07-11 22:12:51.897762,loss,2.275143623352051
2024-07-11 22:12:51.901374,loss,2.2795300483703613
2024-07-11 22:12:51.905165,loss,2.2927229404449463
2024-07-11 22:12:51.908745,loss,2.282550573348999
2024-07-11 22:12:51.912358,loss,2.282449722290039
2024-07-11 22:12:51.915938,loss,2.286843776702881
2024-07-11 22:12:51.921225,loss,2.283156394958496
2024-07-11 22:12:51.925793,loss,2.2788827419281006
2024-07-11 22:12:51.929835,loss,2.294196605682373
2024-07-11 22:12:51.935107,loss,2.279141902923584
2024-07-11 22:12:51.939914,loss,2.2793335914611816
2024-07-11 22:12:51.943790,loss,2.289118766784668
2024-07-11 22:12:51.947480,loss,2.2795772552490234
2024-07-11 22:12:51.951422,loss,2.276502847671509
2024-07-11 22:12:51.955161,loss,2.2813775539398193
2024-07-11 22:12:51.958795,loss,2.2804651260375977
2024-07-11 22:12:51.962435,loss,2.2768702507019043
2024-07-11 22:12:51.966147,loss,2.27687931060791
2024-07-11 22:12:51.969781,loss,2.2805819511413574
2024-07-11 22:12:51.973388,loss,2.2766709327697754
2024-07-11 22:12:51.977010,loss,2.2748448848724365
2024-07-11 22:12:51.980744,loss,2.277263879776001
2024-07-11 22:12:51.984479,loss,2.278348684310913
2024-07-11 22:12:51.988103,loss,2.2791574001312256
2024-07-11 22:12:51.991709,loss,2.291099786758423
2024-07-11 22:12:51.995316,loss,2.2782504558563232
2024-07-11 22:12:51.999077,loss,2.291203498840332
2024-07-11 22:12:52.002751,loss,2.2831640243530273
2024-07-11 22:12:52.006473,loss,2.2727622985839844
2024-07-11 22:12:52.010089,loss,2.2704365253448486
2024-07-11 22:12:52.013856,loss,2.2800259590148926
2024-07-11 22:12:52.017508,loss,2.268387794494629
2024-07-11 22:12:52.021119,loss,2.265472888946533
2024-07-11 22:12:52.024767,loss,2.286085844039917
2024-07-11 22:12:52.028858,loss,2.271235227584839
2024-07-11 22:12:52.032676,loss,2.270773410797119
2024-07-11 22:12:52.036404,loss,2.278829574584961
2024-07-11 22:12:52.040263,loss,2.2720236778259277
2024-07-11 22:12:52.044117,loss,2.2765469551086426
2024-07-11 22:12:52.047781,loss,2.277620792388916
2024-07-11 22:12:52.051418,loss,2.2742626667022705
2024-07-11 22:12:52.055082,loss,2.282327890396118
2024-07-11 22:12:52.058738,loss,2.2727155685424805
2024-07-11 22:12:52.062460,loss,2.2675514221191406
2024-07-11 22:12:52.066077,loss,2.2651145458221436
2024-07-11 22:12:52.069671,loss,2.277364730834961
2024-07-11 22:12:52.073276,loss,2.264396905899048
2024-07-11 22:12:52.076959,loss,2.287323474884033
2024-07-11 22:12:52.080590,loss,2.2744927406311035
2024-07-11 22:12:52.084198,loss,2.2719030380249023
2024-07-11 22:12:52.087809,loss,2.2823848724365234
2024-07-11 22:12:52.091515,loss,2.275815486907959
2024-07-11 22:12:52.095207,loss,2.268986225128174
2024-07-11 22:12:52.098800,loss,2.2780210971832275
2024-07-11 22:12:52.102423,loss,2.262556791305542
2024-07-11 22:12:52.106157,loss,2.27882981300354
2024-07-11 22:12:52.109784,loss,2.271209239959717
2024-07-11 22:12:52.113434,loss,2.267462968826294
2024-07-11 22:12:52.117096,loss,2.280024290084839
2024-07-11 22:12:52.120853,loss,2.277872323989868
2024-07-11 22:12:52.124536,loss,2.271839141845703
2024-07-11 22:12:52.128146,loss,2.279683828353882
2024-07-11 22:12:52.131757,loss,2.2737178802490234
2024-07-11 22:12:52.135928,loss,2.2703166007995605
2024-07-11 22:12:52.139688,loss,2.2744932174682617
2024-07-11 22:12:52.143330,loss,2.2713685035705566
2024-07-11 22:12:52.146978,loss,2.262570381164551
2024-07-11 22:12:52.150611,loss,2.2685890197753906
2024-07-11 22:12:52.154311,loss,2.2771944999694824
2024-07-11 22:12:52.158415,loss,2.27287220954895
2024-07-11 22:12:52.162430,loss,2.2725119590759277
2024-07-11 22:12:52.166087,loss,2.2739131450653076
2024-07-11 22:12:52.169794,loss,2.2669405937194824
2024-07-11 22:12:52.173466,loss,2.269623041152954
2024-07-11 22:12:52.177096,loss,2.2746477127075195
2024-07-11 22:12:52.180757,loss,2.2644364833831787
2024-07-11 22:12:52.184520,loss,2.278801918029785
2024-07-11 22:12:52.188159,loss,2.2616429328918457
2024-07-11 22:12:52.191818,loss,2.268977642059326
2024-07-11 22:12:52.195450,loss,2.270843029022217
2024-07-11 22:12:52.199133,loss,2.27726149559021
2024-07-11 22:12:52.202835,loss,2.275757074356079
2024-07-11 22:12:52.206543,loss,2.2755260467529297
2024-07-11 22:12:52.210332,loss,2.2652242183685303
2024-07-11 22:12:52.214247,loss,2.2610843181610107
2024-07-11 22:12:52.217986,loss,2.271005868911743
2024-07-11 22:12:52.221675,loss,2.2640445232391357
2024-07-11 22:12:52.225293,loss,2.267487049102783
2024-07-11 22:12:52.228944,loss,2.2727901935577393
2024-07-11 22:12:52.232642,loss,2.2572522163391113
2024-07-11 22:12:52.236288,loss,2.2700774669647217
2024-07-11 22:12:52.239892,loss,2.2789418697357178
2024-07-11 22:12:52.243529,loss,2.264660120010376
2024-07-11 22:12:52.247368,loss,2.263434886932373
2024-07-11 22:12:52.251067,loss,2.26753568649292
2024-07-11 22:12:52.254693,loss,2.2763397693634033
2024-07-11 22:12:52.258308,loss,2.263197660446167
2024-07-11 22:12:52.262432,loss,2.266705274581909
2024-07-11 22:12:52.266146,loss,2.265065908432007
2024-07-11 22:12:52.269779,loss,2.259688377380371
2024-07-11 22:12:52.273462,loss,2.2758448123931885
2024-07-11 22:12:52.277215,loss,2.2729218006134033
2024-07-11 22:12:52.281561,loss,2.277839422225952
2024-07-11 22:12:52.285282,loss,2.2711892127990723
2024-07-11 22:12:52.288908,loss,2.2636146545410156
2024-07-11 22:12:52.292468,loss,2.2597670555114746
2024-07-11 22:12:52.297086,loss,2.2699124813079834
2024-07-11 22:12:52.301616,loss,2.26410174369812
2024-07-11 22:12:52.305996,loss,2.2605550289154053
2024-07-11 22:12:52.309748,loss,2.267421007156372
2024-07-11 22:12:52.313354,loss,2.2646994590759277
2024-07-11 22:12:52.316936,loss,2.273344039916992
2024-07-11 22:12:52.320960,loss,2.2579004764556885
2024-07-11 22:12:52.325576,loss,2.2551112174987793
2024-07-11 22:12:52.329418,loss,2.2618637084960938
2024-07-11 22:12:52.333052,loss,2.2630374431610107
2024-07-11 22:12:52.336664,loss,2.2555291652679443
2024-07-11 22:12:52.340846,loss,2.2662336826324463
2024-07-11 22:12:52.344721,loss,2.2597122192382812
2024-07-11 22:12:52.348382,loss,2.2683651447296143
2024-07-11 22:12:52.352006,loss,2.2563836574554443
2024-07-11 22:12:52.355636,loss,2.259037733078003
2024-07-11 22:12:52.359359,loss,2.2687926292419434
2024-07-11 22:12:52.363014,loss,2.2636146545410156
2024-07-11 22:12:52.366676,loss,2.2578511238098145
2024-07-11 22:12:52.370348,loss,2.2673747539520264
2024-07-11 22:12:52.374063,loss,2.2777557373046875
2024-07-11 22:12:52.377696,loss,2.2636501789093018
2024-07-11 22:12:52.381396,loss,2.260021686553955
2024-07-11 22:12:52.385019,loss,2.27717924118042
2024-07-11 22:12:52.388823,loss,2.2657415866851807
2024-07-11 22:12:52.392475,loss,2.27056622505188
2024-07-11 22:12:52.396138,loss,2.2711737155914307
2024-07-11 22:12:52.399802,loss,2.259294271469116
2024-07-11 22:12:52.403602,loss,2.257861852645874
2024-07-11 22:12:52.407344,loss,2.2591874599456787
2024-07-11 22:12:52.410983,loss,2.256864070892334
2024-07-11 22:12:52.414595,loss,2.2478835582733154
2024-07-11 22:12:52.418268,loss,2.26816987991333
2024-07-11 22:12:52.422019,loss,2.2567288875579834
2024-07-11 22:12:52.425662,loss,2.2546401023864746
2024-07-11 22:12:52.429343,loss,2.2592670917510986
2024-07-11 22:12:52.433007,loss,2.256333589553833
2024-07-11 22:12:52.437639,loss,2.255784749984741
2024-07-11 22:12:52.441792,loss,2.2594194412231445
2024-07-11 22:12:52.445398,loss,2.2561614513397217
2024-07-11 22:12:52.449373,loss,2.251268148422241
2024-07-11 22:12:52.453221,loss,2.2639901638031006
2024-07-11 22:12:52.456968,loss,2.2552907466888428
2024-07-11 22:12:52.460557,loss,2.262834310531616
2024-07-11 22:12:52.464129,loss,2.259641647338867
2024-07-11 22:12:52.467836,loss,2.2581613063812256
2024-07-11 22:12:52.471446,loss,2.2686409950256348
2024-07-11 22:12:52.475003,loss,2.2486941814422607
2024-07-11 22:12:52.478581,loss,2.2610793113708496
2024-07-11 22:12:52.482351,loss,2.261545419692993
2024-07-11 22:12:52.485959,loss,2.249300241470337
2024-07-11 22:12:52.489566,loss,2.2607533931732178
2024-07-11 22:12:52.493144,loss,2.266036033630371
2024-07-11 22:12:52.496863,loss,2.246133804321289
2024-07-11 22:12:52.500660,loss,2.2556166648864746
2024-07-11 22:12:52.504298,loss,2.2392220497131348
2024-07-11 22:12:52.507932,loss,2.2584118843078613
2024-07-11 22:12:52.511594,loss,2.249472141265869
2024-07-11 22:12:52.515391,loss,2.2606754302978516
2024-07-11 22:12:52.519037,loss,2.2643070220947266
2024-07-11 22:12:52.522588,loss,2.258408546447754
2024-07-11 22:12:52.526172,loss,2.2566967010498047
2024-07-11 22:12:52.529871,loss,2.2496957778930664
2024-07-11 22:12:52.533476,loss,2.256634473800659
2024-07-11 22:12:52.537034,loss,2.252469539642334
2024-07-11 22:12:52.540593,loss,2.2431962490081787
2024-07-11 22:12:52.544210,loss,2.2555060386657715
2024-07-11 22:12:52.547877,loss,2.263702869415283
2024-07-11 22:12:52.551497,loss,2.2372891902923584
2024-07-11 22:12:52.555093,loss,2.258756637573242
2024-07-11 22:12:52.558707,loss,2.253303050994873
2024-07-11 22:12:52.562407,loss,2.253122568130493
2024-07-11 22:12:52.565992,loss,2.269473075866699
2024-07-11 22:12:52.569613,loss,2.2705249786376953
2024-07-11 22:12:52.573208,loss,2.2417125701904297
2024-07-11 22:12:52.576877,loss,2.251197338104248
2024-07-11 22:12:52.580498,loss,2.2504425048828125
2024-07-11 22:12:52.584055,loss,2.249156951904297
2024-07-11 22:12:52.587642,loss,2.242335796356201
2024-07-11 22:12:52.591226,loss,2.255415439605713
2024-07-11 22:12:52.594953,loss,2.2595551013946533
2024-07-11 22:12:52.598648,loss,2.2507882118225098
2024-07-11 22:12:52.602240,loss,2.256258726119995
2024-07-11 22:12:52.605861,loss,2.23844313621521
2024-07-11 22:12:52.609516,loss,2.2452871799468994
2024-07-11 22:12:52.613077,loss,2.251749277114868
2024-07-11 22:12:52.616635,loss,2.2531964778900146
2024-07-11 22:12:52.620192,loss,2.2421014308929443
2024-07-11 22:12:52.623898,loss,2.235200881958008
2024-07-11 22:12:52.627500,loss,2.2591843605041504
2024-07-11 22:12:52.631141,loss,2.251124858856201
2024-07-11 22:12:52.634755,loss,2.254152536392212
2024-07-11 22:12:52.638453,loss,2.2572052478790283
2024-07-11 22:12:52.642107,loss,2.2439143657684326
2024-07-11 22:12:52.645717,loss,2.242133855819702
2024-07-11 22:12:52.649414,loss,2.2546029090881348
2024-07-11 22:12:52.653097,loss,2.248055934906006
2024-07-11 22:12:52.657271,loss,2.24418044090271
2024-07-11 22:12:52.661700,loss,2.2439191341400146
2024-07-11 22:12:52.666119,loss,2.245412826538086
2024-07-11 22:12:52.670346,loss,2.2535622119903564
2024-07-11 22:12:52.674707,loss,2.246054172515869
2024-07-11 22:12:52.679151,loss,2.268357515335083
2024-07-11 22:12:52.682898,loss,2.266266345977783
2024-07-11 22:12:52.686819,loss,2.23600172996521
2024-07-11 22:12:52.690646,loss,2.2503092288970947
2024-07-11 22:12:52.694293,loss,2.2507920265197754
2024-07-11 22:12:52.697909,loss,2.2497870922088623
2024-07-11 22:12:52.701715,loss,2.239166498184204
2024-07-11 22:12:52.705366,loss,2.259159564971924
2024-07-11 22:12:52.708966,loss,2.2521181106567383
2024-07-11 22:12:52.712586,loss,2.241830825805664
2024-07-11 22:12:52.716392,loss,2.2524447441101074
2024-07-11 22:12:52.720227,loss,2.2538869380950928
2024-07-11 22:12:52.723829,loss,2.240438222885132
2024-07-11 22:12:52.727464,loss,2.24336576461792
2024-07-11 22:12:52.731050,loss,2.254150629043579
2024-07-11 22:12:52.734731,loss,2.2360897064208984
2024-07-11 22:12:52.738591,loss,2.240053415298462
2024-07-11 22:12:52.742181,loss,2.2497971057891846
2024-07-11 22:12:52.745985,loss,2.2502329349517822
2024-07-11 22:12:52.750380,loss,2.243840217590332
2024-07-11 22:12:52.754991,loss,2.254469394683838
2024-07-11 22:12:52.758648,loss,2.2267019748687744
2024-07-11 22:12:52.762369,loss,2.241708278656006
2024-07-11 22:12:52.766247,loss,2.2411046028137207
2024-07-11 22:12:52.769865,loss,2.245223045349121
2024-07-11 22:12:52.773721,loss,2.2398133277893066
2024-07-11 22:12:52.777900,loss,2.2436840534210205
2024-07-11 22:12:52.781794,loss,2.261561393737793
2024-07-11 22:12:52.785369,loss,2.2514448165893555
2024-07-11 22:12:52.788935,loss,2.2497994899749756
2024-07-11 22:12:52.792561,loss,2.245194911956787
2024-07-11 22:12:52.796306,loss,2.2339344024658203
2024-07-11 22:12:52.799900,loss,2.2363102436065674
2024-07-11 22:12:52.803527,loss,2.2286465167999268
2024-07-11 22:12:52.807605,loss,2.252246856689453
2024-07-11 22:12:52.811509,loss,2.2422428131103516
2024-07-11 22:12:52.815114,loss,2.2500014305114746
2024-07-11 22:12:52.818801,loss,2.2607195377349854
2024-07-11 22:12:52.822563,loss,2.2428014278411865
2024-07-11 22:12:52.826190,loss,2.2461085319519043
2024-07-11 22:12:52.829849,loss,2.2319371700286865
2024-07-11 22:12:52.833471,loss,2.235506534576416
2024-07-11 22:12:52.837022,loss,2.2301015853881836
2024-07-11 22:12:52.840589,loss,2.238931894302368
2024-07-11 22:12:52.844358,loss,2.2474265098571777
2024-07-11 22:12:52.848207,loss,2.246893882751465
2024-07-11 22:12:52.851763,loss,2.2383430004119873
2024-07-11 22:12:52.855357,loss,2.239771604537964
2024-07-11 22:12:52.859209,loss,2.2342913150787354
2024-07-11 22:12:52.862978,loss,2.2500674724578857
2024-07-11 22:12:52.867123,loss,2.2574944496154785
2024-07-11 22:12:52.870766,loss,2.2513465881347656
2024-07-11 22:12:52.874453,loss,2.243208885192871
2024-07-11 22:12:52.878005,loss,2.251466751098633
2024-07-11 22:12:52.882415,loss,2.237863063812256
2024-07-11 22:12:52.886198,loss,2.2249767780303955
2024-07-11 22:12:52.890037,loss,2.2275941371917725
2024-07-11 22:12:52.893681,loss,2.2467222213745117
2024-07-11 22:12:52.897326,loss,2.245836019515991
2024-07-11 22:12:52.900985,loss,2.239992618560791
2024-07-11 22:12:52.904717,loss,2.2216439247131348
2024-07-11 22:12:52.908407,loss,2.252608060836792
2024-07-11 22:12:52.912040,loss,2.2358736991882324
2024-07-11 22:12:52.915685,loss,2.2353427410125732
2024-07-11 22:12:52.919278,loss,2.24973464012146
2024-07-11 22:12:52.922996,loss,2.2247800827026367
2024-07-11 22:12:52.926649,loss,2.2468841075897217
2024-07-11 22:12:52.930332,loss,2.244187831878662
2024-07-11 22:12:52.933972,loss,2.2424890995025635
2024-07-11 22:12:52.938450,loss,2.2475008964538574
2024-07-11 22:12:52.942681,loss,2.2368335723876953
2024-07-11 22:12:52.946330,loss,2.2368834018707275
2024-07-11 22:12:52.949964,loss,2.242011308670044
2024-07-11 22:12:52.953707,loss,2.2395200729370117
2024-07-11 22:12:52.957330,loss,2.220562696456909
2024-07-11 22:12:52.960942,loss,2.2488601207733154
2024-07-11 22:12:52.964605,loss,2.247833013534546
2024-07-11 22:12:52.968369,loss,2.2357938289642334
2024-07-11 22:12:52.972083,loss,2.237987995147705
2024-07-11 22:12:52.975766,loss,2.2239434719085693
2024-07-11 22:12:52.979379,loss,2.2376811504364014
2024-07-11 22:12:52.983087,loss,2.2244858741760254
2024-07-11 22:12:52.986785,loss,2.252882719039917
2024-07-11 22:12:52.990417,loss,2.2483341693878174
2024-07-11 22:12:52.994034,loss,2.227133274078369
2024-07-11 22:12:52.997638,loss,2.2380661964416504
2024-07-11 22:12:53.001375,loss,2.223966121673584
2024-07-11 22:12:53.005015,loss,2.23988938331604
2024-07-11 22:12:53.008656,loss,2.2197694778442383
2024-07-11 22:12:53.012261,loss,2.2456400394439697
2024-07-11 22:12:53.015953,loss,2.223865509033203
2024-07-11 22:12:53.019565,loss,2.2367100715637207
2024-07-11 22:12:53.023174,loss,2.222496271133423
2024-07-11 22:12:53.026796,loss,2.2351417541503906
2024-07-11 22:12:53.030681,loss,2.230661630630493
2024-07-11 22:12:53.034583,loss,2.222243070602417
2024-07-11 22:12:53.038939,loss,2.2319061756134033
2024-07-11 22:12:53.044058,loss,2.2278621196746826
2024-07-11 22:12:53.048637,loss,2.231483221054077
2024-07-11 22:12:53.053258,loss,2.2467286586761475
2024-07-11 22:12:53.057066,loss,2.236231803894043
2024-07-11 22:12:53.060904,loss,2.2216644287109375
2024-07-11 22:12:53.064608,loss,2.2437903881073
2024-07-11 22:12:53.068230,loss,2.246490001678467
2024-07-11 22:12:53.071834,loss,2.231630563735962
2024-07-11 22:12:53.075420,loss,2.2352068424224854
2024-07-11 22:12:53.079161,loss,2.224116086959839
2024-07-11 22:12:53.082728,loss,2.242037534713745
2024-07-11 22:12:53.086472,loss,2.222507953643799
2024-07-11 22:12:53.090140,loss,2.230325222015381
2024-07-11 22:12:53.093923,loss,2.2431905269622803
2024-07-11 22:12:53.097565,loss,2.2407093048095703
2024-07-11 22:12:53.101687,loss,2.2311136722564697
2024-07-11 22:12:53.105347,loss,2.238163948059082
2024-07-11 22:12:53.109175,loss,2.2416908740997314
2024-07-11 22:12:53.112900,loss,2.2393264770507812
2024-07-11 22:12:53.116591,loss,2.215184450149536
2024-07-11 22:12:53.120213,loss,2.2293028831481934
2024-07-11 22:12:53.123922,loss,2.2273175716400146
2024-07-11 22:12:53.127555,loss,2.2144126892089844
2024-07-11 22:12:53.131124,loss,2.2321794033050537
2024-07-11 22:12:53.134713,loss,2.234896183013916
2024-07-11 22:12:53.138306,loss,2.231128692626953
2024-07-11 22:12:53.141922,loss,2.2331931591033936
2024-07-11 22:12:53.145498,loss,2.2132019996643066
2024-07-11 22:12:53.149092,loss,2.226170539855957
2024-07-11 22:12:53.152681,loss,2.231503963470459
2024-07-11 22:12:53.156331,loss,2.2229866981506348
2024-07-11 22:12:53.159967,loss,2.2259862422943115
2024-07-11 22:12:53.163536,loss,2.2350618839263916
2024-07-11 22:12:53.167164,loss,2.239342212677002
2024-07-11 22:12:53.170824,loss,2.2205705642700195
2024-07-11 22:12:53.174497,loss,2.233991861343384
2024-07-11 22:12:53.178054,loss,2.2318944931030273
2024-07-11 22:12:53.181675,loss,2.2132201194763184
2024-07-11 22:12:53.185222,loss,2.2381529808044434
2024-07-11 22:12:53.188890,loss,2.2378697395324707
2024-07-11 22:12:53.192493,loss,2.221794605255127
2024-07-11 22:12:53.196048,loss,2.2397894859313965
2024-07-11 22:12:53.199619,loss,2.225388526916504
2024-07-11 22:12:53.203259,loss,2.228468179702759
2024-07-11 22:12:53.206908,loss,2.228872537612915
2024-07-11 22:12:53.210486,loss,2.224393844604492
2024-07-11 22:12:53.214100,loss,2.2263875007629395
2024-07-11 22:12:53.217692,loss,2.2085580825805664
2024-07-11 22:12:53.221397,loss,2.2152175903320312
2024-07-11 22:12:53.225005,loss,2.2080016136169434
2024-07-11 22:12:53.228582,loss,2.226764678955078
2024-07-11 22:12:53.232159,loss,2.22332501411438
2024-07-11 22:12:53.235819,loss,2.2249486446380615
2024-07-11 22:12:53.239418,loss,2.220991849899292
2024-07-11 22:12:53.242975,loss,2.2238998413085938
2024-07-11 22:12:53.246524,loss,2.2363295555114746
2024-07-11 22:12:53.250219,loss,2.2123188972473145
2024-07-11 22:12:53.253817,loss,2.215754270553589
2024-07-11 22:12:53.257415,loss,2.217271089553833
2024-07-11 22:12:53.260989,loss,2.2165706157684326
2024-07-11 22:12:53.264654,loss,2.2273054122924805
2024-07-11 22:12:53.268380,loss,2.2134318351745605
2024-07-11 22:12:53.272039,loss,2.24875545501709
2024-07-11 22:12:53.275616,loss,2.2203521728515625
2024-07-11 22:12:53.279281,loss,2.22615385055542
2024-07-11 22:12:53.283180,loss,2.2172160148620605
2024-07-11 22:12:53.286832,loss,2.2157981395721436
2024-07-11 22:12:53.290433,loss,2.230365753173828
2024-07-11 22:12:53.293991,loss,2.239431858062744
2024-07-11 22:12:53.297751,loss,2.2302510738372803
2024-07-11 22:12:53.301357,loss,2.2304582595825195
2024-07-11 22:12:53.305148,loss,2.225973606109619
2024-07-11 22:12:53.308816,loss,2.2200987339019775
2024-07-11 22:12:53.312572,loss,2.2401230335235596
2024-07-11 22:12:53.316224,loss,2.229069471359253
2024-07-11 22:12:53.319829,loss,2.24202561378479
2024-07-11 22:12:53.323444,loss,2.2259633541107178
2024-07-11 22:12:53.327071,loss,2.2322351932525635
2024-07-11 22:12:53.330797,loss,2.223120927810669
2024-07-11 22:12:53.334435,loss,2.228752374649048
2024-07-11 22:12:53.338070,loss,2.222142457962036
2024-07-11 22:12:53.342128,loss,2.22497296333313
2024-07-11 22:12:53.345834,loss,2.2279884815216064
2024-07-11 22:12:53.349391,loss,2.219118595123291
2024-07-11 22:12:53.353633,loss,2.239049196243286
2024-07-11 22:12:53.358272,loss,2.2072722911834717
2024-07-11 22:12:53.362014,loss,2.231285572052002
2024-07-11 22:12:53.366119,loss,2.2201552391052246
2024-07-11 22:12:53.370189,loss,2.220512866973877
2024-07-11 22:12:53.375213,loss,2.2214810848236084
2024-07-11 22:12:53.379000,loss,2.201375961303711
2024-07-11 22:12:53.382604,loss,2.2039756774902344
2024-07-11 22:12:53.386180,loss,2.220942974090576
2024-07-11 22:12:53.389775,loss,2.2350287437438965
2024-07-11 22:12:53.393782,loss,2.222463369369507
2024-07-11 22:12:53.397491,loss,2.2194454669952393
2024-07-11 22:12:53.401267,loss,2.218851327896118
2024-07-11 22:12:53.405101,loss,2.2304577827453613
2024-07-11 22:12:53.410284,loss,2.2289154529571533
2024-07-11 22:12:53.415100,loss,2.221311569213867
2024-07-11 22:12:53.419863,loss,2.2149100303649902
2024-07-11 22:12:53.423759,loss,2.2203006744384766
2024-07-11 22:12:53.427682,loss,2.2084317207336426
2024-07-11 22:12:53.431650,loss,2.2077765464782715
2024-07-11 22:12:53.435837,loss,2.2313804626464844
2024-07-11 22:12:53.439959,loss,2.2105202674865723
2024-07-11 22:12:53.443658,loss,2.226010799407959
2024-07-11 22:12:53.447389,loss,2.223623752593994
2024-07-11 22:12:53.451071,loss,2.213362216949463
2024-07-11 22:12:53.454828,loss,2.2117502689361572
2024-07-11 22:12:53.458521,loss,2.201663017272949
2024-07-11 22:12:53.462189,loss,2.1998188495635986
2024-07-11 22:12:53.465857,loss,2.2150356769561768
2024-07-11 22:12:53.469638,loss,2.2018754482269287
2024-07-11 22:12:53.473307,loss,2.2330541610717773
2024-07-11 22:12:53.476927,loss,2.2160823345184326
2024-07-11 22:12:53.480556,loss,2.2121639251708984
2024-07-11 22:12:53.484226,loss,2.193741798400879
2024-07-11 22:12:53.487945,loss,2.2192792892456055
2024-07-11 22:12:53.491578,loss,2.2056331634521484
2024-07-11 22:12:53.495210,loss,2.2142491340637207
2024-07-11 22:12:53.499011,loss,2.189862012863159
2024-07-11 22:12:53.502747,loss,2.2261745929718018
2024-07-11 22:12:53.506381,loss,2.22139573097229
2024-07-11 22:12:53.510041,loss,2.2077064514160156
2024-07-11 22:12:53.513665,loss,2.222609519958496
2024-07-11 22:12:53.517399,loss,2.203256368637085
2024-07-11 22:12:53.521026,loss,2.2086901664733887
2024-07-11 22:12:53.524631,loss,2.200965166091919
2024-07-11 22:12:53.528242,loss,2.2248992919921875
2024-07-11 22:12:53.532015,loss,2.227728843688965
2024-07-11 22:12:53.535671,loss,2.2089040279388428
2024-07-11 22:12:53.539282,loss,2.217163562774658
2024-07-11 22:12:53.542891,loss,2.237370491027832
2024-07-11 22:12:53.546513,loss,2.2292604446411133
2024-07-11 22:12:53.550227,loss,2.2187488079071045
2024-07-11 22:12:53.553900,loss,2.208324670791626
2024-07-11 22:12:53.557542,loss,2.198289394378662
2024-07-11 22:12:53.561152,loss,2.2398462295532227
2024-07-11 22:12:53.564861,loss,2.2369070053100586
2024-07-11 22:12:53.568555,loss,2.17962908744812
2024-07-11 22:12:53.572195,loss,2.223569393157959
2024-07-11 22:12:53.575831,loss,2.2277612686157227
2024-07-11 22:12:53.579555,loss,2.213061571121216
2024-07-11 22:12:53.583180,loss,2.200056314468384
2024-07-11 22:12:53.586787,loss,2.2144668102264404
2024-07-11 22:12:53.590430,loss,2.1953177452087402
2024-07-11 22:12:53.594174,loss,2.224480628967285
2024-07-11 22:12:53.597880,loss,2.2055540084838867
2024-07-11 22:12:53.601560,loss,2.207643508911133
2024-07-11 22:12:53.605191,loss,2.2047200202941895
2024-07-11 22:12:53.608804,loss,2.2114241123199463
2024-07-11 22:12:53.612536,loss,2.226691246032715
2024-07-11 22:12:53.616170,loss,2.2081384658813477
2024-07-11 22:12:53.619888,loss,2.2164247035980225
2024-07-11 22:12:53.623513,loss,2.2130563259124756
2024-07-11 22:12:53.627277,loss,2.204451322555542
2024-07-11 22:12:53.630946,loss,2.203094244003296
2024-07-11 22:12:53.634627,loss,2.2305452823638916
2024-07-11 22:12:53.638245,loss,2.1837525367736816
2024-07-11 22:12:53.642022,loss,2.231257915496826
2024-07-11 22:12:53.645663,loss,2.2191736698150635
2024-07-11 22:12:53.649994,loss,2.194355010986328
2024-07-11 22:12:53.654096,loss,2.2295663356781006
2024-07-11 22:12:53.658046,loss,2.230269432067871
2024-07-11 22:12:53.661703,loss,2.197603702545166
2024-07-11 22:12:53.666493,loss,2.21282696723938
2024-07-11 22:12:53.670567,loss,2.228827714920044
2024-07-11 22:12:53.674376,loss,2.211942672729492
2024-07-11 22:12:53.678065,loss,2.1935226917266846
2024-07-11 22:12:53.681744,loss,2.1920740604400635
2024-07-11 22:12:53.685395,loss,2.1966710090637207
2024-07-11 22:12:53.689211,loss,2.212474822998047
2024-07-11 22:12:53.693077,loss,2.225247383117676
2024-07-11 22:12:53.697053,loss,2.2210378646850586
2024-07-11 22:12:53.701355,loss,2.204338788986206
2024-07-11 22:12:53.705502,loss,2.2133750915527344
2024-07-11 22:12:53.709072,loss,2.1886754035949707
2024-07-11 22:12:53.712685,loss,2.2085120677948
2024-07-11 22:12:53.716258,loss,2.2253193855285645
2024-07-11 22:12:53.720082,loss,2.2129807472229004
2024-07-11 22:12:53.723697,loss,2.1905150413513184
2024-07-11 22:12:53.727278,loss,2.19942045211792
2024-07-11 22:12:53.730854,loss,2.2004380226135254
2024-07-11 22:12:53.734493,loss,2.1928718090057373
2024-07-11 22:12:53.738144,loss,2.2182998657226562
2024-07-11 22:12:53.741714,loss,2.2094368934631348
2024-07-11 22:12:53.745293,loss,2.1970322132110596
2024-07-11 22:12:53.748853,loss,2.2059807777404785
2024-07-11 22:12:53.752997,loss,2.2147376537323
2024-07-11 22:12:53.756747,loss,2.2293105125427246
2024-07-11 22:12:53.760578,loss,2.17768931388855
2024-07-11 22:12:53.764466,loss,2.200221061706543
2024-07-11 22:12:53.768246,loss,2.206326723098755
2024-07-11 22:12:53.772120,loss,2.1928975582122803
2024-07-11 22:12:53.775733,loss,2.1880087852478027
2024-07-11 22:12:53.779353,loss,2.1945221424102783
2024-07-11 22:12:53.783825,loss,2.2350869178771973
2024-07-11 22:12:53.788500,loss,2.1913325786590576
2024-07-11 22:12:53.793007,loss,2.2166037559509277
2024-07-11 22:12:53.798552,loss,2.1876914501190186
2024-07-11 22:12:53.803224,loss,2.2086949348449707
2024-07-11 22:12:53.807223,loss,2.1908819675445557
2024-07-11 22:12:53.810888,loss,2.1946959495544434
2024-07-11 22:12:53.814656,loss,2.1734917163848877
2024-07-11 22:12:53.818486,loss,2.1872572898864746
2024-07-11 22:12:53.822188,loss,2.207702398300171
2024-07-11 22:12:53.825930,loss,2.1815133094787598
2024-07-11 22:12:53.829741,loss,2.218644857406616
2024-07-11 22:12:53.833447,loss,2.1569461822509766
2024-07-11 22:12:53.837109,loss,2.218902826309204
2024-07-11 22:12:53.840741,loss,2.2042293548583984
2024-07-11 22:12:53.844511,loss,2.207186460494995
2024-07-11 22:12:53.848358,loss,2.2037816047668457
2024-07-11 22:12:53.852016,loss,2.202982187271118
2024-07-11 22:12:53.855745,loss,2.1980297565460205
2024-07-11 22:12:53.859361,loss,2.1993212699890137
2024-07-11 22:12:53.863082,loss,2.192748546600342
2024-07-11 22:12:53.866709,loss,2.2139077186584473
2024-07-11 22:12:53.870374,loss,2.2118964195251465
2024-07-11 22:12:53.873998,loss,2.1837410926818848
2024-07-11 22:12:53.877738,loss,2.19892954826355
2024-07-11 22:12:53.881387,loss,2.1915194988250732
2024-07-11 22:12:53.884986,loss,2.187623977661133
2024-07-11 22:12:53.888753,loss,2.1673452854156494
2024-07-11 22:12:53.892618,loss,2.202932834625244
2024-07-11 22:12:53.896334,loss,2.2133495807647705
2024-07-11 22:12:53.899967,loss,2.221822500228882
2024-07-11 22:12:53.903601,loss,2.199575185775757
2024-07-11 22:12:53.907246,loss,2.2042956352233887
2024-07-11 22:12:53.910949,loss,2.2014238834381104
2024-07-11 22:12:53.914580,loss,2.2030932903289795
2024-07-11 22:12:53.918257,loss,2.190031051635742
2024-07-11 22:12:53.921896,loss,2.22184681892395
2024-07-11 22:12:53.925616,loss,2.2103466987609863
2024-07-11 22:12:53.929266,loss,2.217822790145874
2024-07-11 22:12:53.932895,loss,2.202410936355591
2024-07-11 22:12:53.936498,loss,2.17448353767395
2024-07-11 22:12:53.941056,loss,2.179438352584839
2024-07-11 22:12:53.945282,loss,2.18729305267334
2024-07-11 22:12:53.949509,loss,2.194719076156616
2024-07-11 22:12:53.953327,loss,2.20505428314209
2024-07-11 22:12:53.957082,loss,2.199538469314575
2024-07-11 22:12:53.960674,loss,2.164113998413086
2024-07-11 22:12:53.964275,loss,2.2104945182800293
2024-07-11 22:12:53.969215,loss,2.1854639053344727
2024-07-11 22:12:53.973837,loss,2.1940948963165283
2024-07-11 22:12:53.977698,loss,2.189762592315674
2024-07-11 22:12:53.981352,loss,2.205897331237793
2024-07-11 22:12:53.985015,loss,2.1700596809387207
2024-07-11 22:12:53.988728,loss,2.1933531761169434
2024-07-11 22:12:53.992606,loss,2.19852876663208
2024-07-11 22:12:53.996288,loss,2.188100576400757
2024-07-11 22:12:53.999933,loss,2.197608709335327
2024-07-11 22:12:54.003672,loss,2.1859841346740723
2024-07-11 22:12:54.007357,loss,2.202214002609253
2024-07-11 22:12:54.011022,loss,2.1830503940582275
2024-07-11 22:12:54.014630,loss,2.1731374263763428
2024-07-11 22:12:54.018337,loss,2.1851956844329834
2024-07-11 22:12:54.022089,loss,2.1841318607330322
2024-07-11 22:12:54.025734,loss,2.202315092086792
2024-07-11 22:12:54.029353,loss,2.207326650619507
2024-07-11 22:12:54.033091,loss,2.1927850246429443
2024-07-11 22:12:54.036755,loss,2.2118020057678223
2024-07-11 22:12:54.040375,loss,2.2014453411102295
2024-07-11 22:12:54.043989,loss,2.15435528755188
2024-07-11 22:12:54.047658,loss,2.2028651237487793
2024-07-11 22:12:54.051360,loss,2.182042121887207
2024-07-11 22:12:54.055004,loss,2.194702386856079
2024-07-11 22:12:54.058623,loss,2.1702141761779785
2024-07-11 22:12:54.062235,loss,2.174072742462158
2024-07-11 22:12:54.065952,loss,2.160048007965088
2024-07-11 22:12:54.069585,loss,2.180508613586426
2024-07-11 22:12:54.073232,loss,2.1984307765960693
2024-07-11 22:12:54.076842,loss,2.177873134613037
2024-07-11 22:12:54.080623,loss,2.1627793312072754
2024-07-11 22:12:54.084300,loss,2.1915957927703857
2024-07-11 22:12:54.087954,loss,2.196255922317505
2024-07-11 22:12:54.091574,loss,2.1873044967651367
2024-07-11 22:12:54.095519,loss,2.1936898231506348
2024-07-11 22:12:54.099218,loss,2.200009822845459
2024-07-11 22:12:54.102843,loss,2.189777374267578
2024-07-11 22:12:54.106457,loss,2.190648078918457
2024-07-11 22:12:54.110081,loss,2.1772336959838867
2024-07-11 22:12:54.113802,loss,2.212007761001587
2024-07-11 22:12:54.117444,loss,2.1639840602874756
2024-07-11 22:12:54.121049,loss,2.196410894393921
2024-07-11 22:12:54.124643,loss,2.192309856414795
2024-07-11 22:12:54.128517,loss,2.2088334560394287
2024-07-11 22:12:54.132311,loss,2.1744823455810547
2024-07-11 22:12:54.135949,loss,2.169172763824463
2024-07-11 22:12:54.139540,loss,2.1790926456451416
2024-07-11 22:12:54.143285,loss,2.196810245513916
2024-07-11 22:12:54.146925,loss,2.170448064804077
2024-07-11 22:12:54.150546,loss,2.1899259090423584
2024-07-11 22:12:54.154203,loss,2.1684491634368896
2024-07-11 22:12:54.157832,loss,2.178736686706543
2024-07-11 22:12:54.161539,loss,2.174044370651245
2024-07-11 22:12:54.165252,loss,2.1779510974884033
2024-07-11 22:12:54.168892,loss,2.2103397846221924
2024-07-11 22:12:54.172520,loss,2.173581600189209
2024-07-11 22:12:54.176776,loss,2.198352098464966
2024-07-11 22:12:54.181129,loss,2.2120890617370605
2024-07-11 22:12:54.185730,loss,2.2113075256347656
2024-07-11 22:12:54.190364,loss,2.173743963241577
2024-07-11 22:12:54.194083,loss,2.1720848083496094
2024-07-11 22:12:54.197683,loss,2.1860570907592773
2024-07-11 22:12:54.201334,loss,2.148975133895874
2024-07-11 22:12:54.205045,loss,2.193607807159424
2024-07-11 22:12:54.208917,loss,2.1640686988830566
2024-07-11 22:12:54.212592,loss,2.171732187271118
2024-07-11 22:12:54.216159,loss,2.1847891807556152
2024-07-11 22:12:54.219858,loss,2.187950611114502
2024-07-11 22:12:54.223911,loss,2.1874308586120605
2024-07-11 22:12:54.227697,loss,2.1849124431610107
2024-07-11 22:12:54.231618,loss,2.1858949661254883
2024-07-11 22:12:54.235657,loss,2.1983771324157715
2024-07-11 22:12:54.239452,loss,2.1840529441833496
2024-07-11 22:12:54.243504,loss,2.199354410171509
2024-07-11 22:12:54.247388,loss,2.183422088623047
2024-07-11 22:12:54.251027,loss,2.167495012283325
2024-07-11 22:12:54.254884,loss,2.168708324432373
2024-07-11 22:12:54.258487,loss,2.181689977645874
2024-07-11 22:12:54.262079,loss,2.1964850425720215
2024-07-11 22:12:54.265646,loss,2.17854905128479
2024-07-11 22:12:54.269350,loss,2.1897623538970947
2024-07-11 22:12:54.272939,loss,2.2021374702453613
2024-07-11 22:12:54.276532,loss,2.1556825637817383
2024-07-11 22:12:54.280083,loss,2.1533420085906982
2024-07-11 22:12:54.283813,loss,2.1964545249938965
2024-07-11 22:12:54.287436,loss,2.160173177719116
2024-07-11 22:12:54.291024,loss,2.1681697368621826
2024-07-11 22:12:54.294614,loss,2.1689276695251465
2024-07-11 22:12:54.298238,loss,2.156081199645996
2024-07-11 22:12:54.301903,loss,2.183210611343384
2024-07-11 22:12:54.305493,loss,2.1974005699157715
2024-07-11 22:12:54.309104,loss,2.1847736835479736
2024-07-11 22:12:54.312654,loss,2.179600477218628
2024-07-11 22:12:54.316500,loss,2.182210922241211
2024-07-11 22:12:54.320537,loss,2.1942224502563477
2024-07-11 22:12:54.324134,loss,2.1500234603881836
2024-07-11 22:12:54.327737,loss,2.164574384689331
2024-07-11 22:12:54.331465,loss,2.1799020767211914
2024-07-11 22:12:54.335105,loss,2.1808741092681885
2024-07-11 22:12:54.338669,loss,2.1782209873199463
2024-07-11 22:12:54.342241,loss,2.23168683052063
2024-07-11 22:12:54.345848,loss,2.1696102619171143
2024-07-11 22:12:54.349519,loss,2.1787784099578857
2024-07-11 22:12:54.353094,loss,2.1743500232696533
2024-07-11 22:12:54.356690,loss,2.175060749053955
2024-07-11 22:12:54.360222,loss,2.1837873458862305
2024-07-11 22:12:54.363892,loss,2.150236129760742
2024-07-11 22:12:54.367543,loss,2.181337356567383
2024-07-11 22:12:54.371127,loss,2.1706905364990234
2024-07-11 22:12:54.374710,loss,2.1956558227539062
2024-07-11 22:12:54.378365,loss,2.1758244037628174
2024-07-11 22:12:54.382024,loss,2.1688785552978516
2024-07-11 22:12:54.385597,loss,2.199300765991211
2024-07-11 22:12:54.389165,loss,2.167147397994995
2024-07-11 22:12:54.392735,loss,2.1639020442962646
2024-07-11 22:12:54.396384,loss,2.15706729888916
2024-07-11 22:12:54.399972,loss,2.1692824363708496
2024-07-11 22:12:54.403551,loss,2.1720948219299316
2024-07-11 22:12:54.407152,loss,2.1737935543060303
2024-07-11 22:12:54.410818,loss,2.150771141052246
2024-07-11 22:12:54.414442,loss,2.1400911808013916
2024-07-11 22:12:54.417982,loss,2.1645090579986572
2024-07-11 22:12:54.421572,loss,2.192610025405884
2024-07-11 22:12:54.425292,loss,2.1745238304138184
2024-07-11 22:12:54.428869,loss,2.1668200492858887
2024-07-11 22:12:54.432440,loss,2.1748311519622803
2024-07-11 22:12:54.435984,loss,2.1748464107513428
2024-07-11 22:12:54.440106,loss,2.178931713104248
2024-07-11 22:12:54.443879,loss,2.1655404567718506
2024-07-11 22:12:54.447468,loss,2.1538891792297363
2024-07-11 22:12:54.451013,loss,2.159090042114258
2024-07-11 22:12:54.454576,loss,2.1696407794952393
2024-07-11 22:12:54.458230,loss,2.1673057079315186
2024-07-11 22:12:54.461813,loss,2.1700119972229004
2024-07-11 22:12:54.465397,loss,2.1500186920166016
2024-07-11 22:12:54.469052,loss,2.1506776809692383
2024-07-11 22:12:54.472956,loss,2.212770462036133
2024-07-11 22:12:54.476552,loss,2.1650121212005615
2024-07-11 22:12:54.480108,loss,2.1784555912017822
2024-07-11 22:12:54.483683,loss,2.1620867252349854
2024-07-11 22:12:54.487364,loss,2.1525931358337402
2024-07-11 22:12:54.491020,loss,2.1767215728759766
